13 0.0 -960.0 0.0 0.0 
5 0.0 0.0 0.0 0.0 
0 0.0 0.0 0.0 0.0 
9 -10.0 0.0 40.0 0.0 
9 10.0 0.0 40.0 0.0 
22 -10.5 0.0 46 0.0 
22 9.5 0.0 46.0 0.0 
9 10.0 0.0 53.0 0.0 
9 -10.0 0.0 53.0 0.0 
0 0.0 0.0 100.0 0.0 
22 -10.000000 0.000000 59.000000 180.000000 
22 -10.000000 0.000000 68.000000 180.000000 
22 -10.000000 0.000000 77.000000 180.000000 
22 -10.000000 0.000000 86.000000 180.000000 
22 10.000000 0.000000 61.000000 0.000000 
22 10.000003 0.000000 70.000000 0.000000 
22 10.000006 0.000000 79.000000 0.000000 
22 10.000006 0.000000 83.000000 0.000000 
9 10.000006 0.000000 89.000000 0.000000 
9 -9.999994 0.000000 89.000000 0.000000 
9 -9.999989 0.000000 119.000000 0.000000 
9 -9.999987 0.000000 129.000000 0.000000 
9 -9.999985 0.000000 139.000000 0.000000 
9 -9.999983 0.000000 149.000000 0.000000 
9 -9.999981 0.000000 159.000000 0.000000 
9 -9.999979 0.000000 169.000000 0.000000 
9 -9.999977 0.000000 179.000000 0.000000 
9 10.000011 0.000000 119.000000 0.000000 
9 10.000013 0.000000 129.000000 0.000000 
9 10.000015 0.000000 139.000000 0.000000 
9 10.000017 0.000000 149.000000 0.000000 
9 10.000019 0.000000 159.000000 0.000000 
9 10.000021 0.000000 169.000000 0.000000 
9 10.000023 0.000000 179.000000 0.000000 
14 -9.999971 0.000000 209.000000 0.000000 
14 0.000032 0.000000 229.000000 0.000000 
14 10.000036 0.000000 249.000000 0.000000 
14 20.000038 0.000000 259.000000 0.000000 
14 30.000040 0.000000 269.000000 0.000000 
14 40.000042 0.000000 279.000000 0.000000 
14 60.000046 0.000000 289.000000 0.000000 
14 80.000046 0.000000 289.000000 0.000000 
14 100.000046 0.000000 289.000000 0.000000 
14 120.000046 0.000000 289.000000 0.000000 
14 130.000046 0.000000 269.000000 0.000000 
14 140.000046 0.000000 249.000000 0.000000 
6 30.000046 0.000000 159.000000 0.000000 
6 60.000046 0.000000 159.000000 0.000000 
0 120.000046 0.000000 139.000000 0.000000 
14 150.000046 0.000000 229.000000 0.000000 
14 150.000046 0.000000 199.000000 0.000000 
14 150.000046 0.000000 179.000000 0.000000 
14 140.000046 0.000000 149.000000 0.000000 
14 70.000046 0.000000 189.000000 0.000000 
14 80.000046 0.000000 179.000000 0.000000 
14 90.000046 0.000000 169.000000 0.000000 
22 170.000046 0.000000 129.000000 0.000000 
22 170.000046 0.000000 119.000000 0.000000 
22 170.000046 0.000000 109.000000 0.000000 
22 170.000046 0.000000 99.000000 0.000000 
22 170.000046 0.000000 89.000000 0.000000 
22 170.000046 0.000000 79.000000 0.000000 
22 170.000046 0.000000 69.000000 0.000000 
22 170.000046 0.000000 59.000000 0.000000 
22 170.000046 0.000000 49.000000 0.000000 
22 170.000046 0.000000 39.000000 0.000000 
22 170.000046 0.000000 29.000000 0.000000 
22 170.000046 0.000000 19.000000 0.000000 
22 170.000046 0.000000 9.000000 0.000000 
22 80.000046 0.000000 129.000000 0.000000 
22 80.000046 0.000000 119.000000 0.000000 
22 80.000046 0.000000 109.000000 0.000000 
22 80.000046 0.000000 99.000000 0.000000 
22 80.000046 0.000000 89.000000 0.000000 
22 80.000046 0.000000 79.000000 0.000000 
22 80.000046 0.000000 69.000000 0.000000 
22 80.000046 0.000000 59.000000 0.000000 
22 80.000046 0.000000 49.000000 0.000000 
22 80.000046 0.000000 39.000000 0.000000 
22 80.000046 0.000000 29.000000 0.000000 
22 80.000046 0.000000 19.000000 0.000000 
22 80.000046 0.000000 9.000000 0.000000 
3 120.000046 0.000000 98.999992 0.000000 
3 140.000046 0.000000 98.999977 0.000000 
4 120.000053 0.000000 109.000000 180.000000 
4 140.000061 0.000000 108.999985 180.000000 
14 100.000023 -10.000000 59.000015 180.000000 
14 150.000031 -10.000000 58.999996 180.000000 
9 80.000038 0.000000 134.000031 0.000000 
9 80.000031 0.000000 124.000031 0.000000 
9 80.000023 0.000000 114.000031 0.000000 
9 80.000015 0.000000 104.000031 0.000000 
9 80.000008 0.000000 94.000031 0.000000 
9 80.000000 0.000000 84.000031 0.000000 
9 79.999992 0.000000 74.000031 0.000000 
9 79.999985 0.000000 64.000031 0.000000 
9 79.999977 0.000000 54.000031 0.000000 
9 79.999969 0.000000 44.000031 0.000000 
9 79.999962 0.000000 34.000031 0.000000 
9 79.999954 0.000000 24.000031 0.000000 
9 79.999947 0.000000 14.000031 0.000000 
9 79.999939 0.000000 4.000031 0.000000 
9 169.999939 0.000000 3.999996 0.000000 
9 169.999939 0.000000 13.999996 0.000000 
9 169.999939 0.000000 23.999996 0.000000 
9 169.999939 0.000000 33.999996 0.000000 
9 169.999939 0.000000 43.999996 0.000000 
9 169.999939 0.000000 53.999996 0.000000 
9 169.999939 0.000000 63.999996 0.000000 
9 169.999939 0.000000 74.000000 0.000000 
9 169.999939 0.000000 84.000000 0.000000 
9 169.999939 0.000000 94.000000 0.000000 
9 169.999939 0.000000 104.000000 0.000000 
9 169.999939 0.000000 114.000000 0.000000 
9 169.999939 0.000000 124.000000 0.000000 
9 169.999939 0.000000 134.000000 0.000000 
9 164.999908 0.000000 -4.000009 0.000000 
9 159.999908 0.000000 -12.000003 -180.000000 
9 154.999908 0.000000 -20.000004 -180.000000 
9 84.999908 0.000000 -3.999978 -180.000000 
9 89.999908 0.000000 -11.999978 -180.000000 
9 94.999908 0.000000 -19.999977 -180.000000 
9 99.999908 0.000000 -27.999977 -180.000000 
9 104.999908 0.000000 -35.999977 -180.000000 
9 149.999908 0.000000 -27.999977 -180.000000 
9 144.999908 0.000000 -35.999977 -180.000000 
9 139.999908 0.000000 -43.999977 -180.000000 
9 109.999908 0.000000 -43.999977 -180.000000 
9 134.999908 0.000000 -51.999977 -180.000000 
9 114.999908 0.000000 -51.999977 -180.000000 
22 114.799911 0.000000 -58.999977 0.000000 
22 114.799904 0.000000 -67.999977 0.000000 
22 114.799896 0.000000 -76.999977 0.000000 
22 114.799889 0.000000 -85.999977 0.000000 
22 114.799881 0.000000 -94.999977 0.000000 
22 114.799873 0.000000 -103.999977 0.000000 
22 114.799866 0.000000 -112.999977 0.000000 
22 114.799858 0.000000 -121.999977 0.000000 
22 114.799850 0.000000 -130.999969 0.000000 
22 114.799843 0.000000 -139.999969 0.000000 
22 114.799835 0.000000 -148.999969 0.000000 
22 114.799835 0.000000 -157.999969 0.000000 
22 114.799828 0.000000 -166.999969 0.000000 
22 114.799820 0.000000 -175.999969 0.000000 
22 114.799812 0.000000 -184.999969 0.000000 
22 114.799805 0.000000 -193.999969 0.000000 
22 135.199875 0.000000 -58.999977 0.000000 
22 135.199875 0.000000 -67.999977 0.000000 
22 135.199875 0.000000 -76.999977 0.000000 
22 135.199875 0.000000 -85.999977 0.000000 
22 135.199875 0.000000 -94.999977 0.000000 
22 135.199875 0.000000 -103.999977 0.000000 
22 135.199875 0.000000 -112.999977 0.000000 
22 135.199875 0.000000 -121.999977 0.000000 
22 135.199875 0.000000 -130.999969 0.000000 
22 135.199875 0.000000 -139.999969 0.000000 
22 135.199875 0.000000 -148.999969 0.000000 
22 135.199875 0.000000 -157.999969 0.000000 
22 135.199875 0.000000 -166.999969 0.000000 
22 135.199875 0.000000 -175.999969 0.000000 
22 135.199875 0.000000 -184.999969 0.000000 
22 135.199875 0.000000 -193.999969 0.000000 
9 135.199875 0.000000 -198.999969 0.000000 
9 114.199875 0.000000 -198.999969 0.000000 
0 125.099876 0.000000 -213.999969 0.000000 
0 125.099800 0.000000 -413.999969 0.000000 
0 325.099792 0.000000 -414.000031 0.000000 
0 325.099854 0.000000 -214.000031 0.000000 
6 65.099823 0.000000 -293.999969 0.000000 
15 95.099823 0.000000 -423.999969 0.000000 
15 95.099823 0.000000 -443.999969 0.000000 
15 95.099823 0.000000 -463.999969 0.000000 
15 95.099823 0.000000 -483.999969 0.000000 
15 105.099823 0.000000 -503.999969 0.000000 
15 115.099823 0.000000 -514.000000 0.000000 
15 125.099823 0.000000 -524.000000 0.000000 
15 135.099823 0.000000 -534.000000 0.000000 
15 145.099823 0.000000 -544.000000 0.000000 
15 155.099823 0.000000 -554.000000 0.000000 
15 165.099823 0.000000 -554.000000 0.000000 
15 175.099823 0.000000 -554.000000 0.000000 
15 185.099823 0.000000 -554.000000 0.000000 
15 195.099823 0.000000 -554.000000 0.000000 
15 205.099823 0.000000 -554.000000 0.000000 
15 215.099823 0.000000 -554.000000 0.000000 
15 225.099823 0.000000 -554.000000 0.000000 
15 235.099823 0.000000 -554.000000 0.000000 
15 245.099823 0.000000 -554.000000 0.000000 
15 255.099823 0.000000 -554.000000 0.000000 
15 265.099823 0.000000 -554.000000 0.000000 
15 275.099823 0.000000 -554.000000 0.000000 
15 285.099823 0.000000 -554.000000 0.000000 
15 295.099823 0.000000 -554.000000 0.000000 
15 345.099823 0.000000 -414.000000 0.000000 
15 345.099823 0.000000 -434.000000 0.000000 
15 345.099823 0.000000 -454.000000 0.000000 
15 345.099823 0.000000 -474.000000 0.000000 
15 345.099823 0.000000 -494.000000 0.000000 
15 305.099823 0.000000 -554.000000 0.000000 
15 315.099823 0.000000 -544.000000 0.000000 
15 325.099823 0.000000 -534.000000 0.000000 
15 335.099823 0.000000 -524.000000 0.000000 
15 345.099823 0.000000 -514.000000 0.000000 
15 305.099823 0.000000 -414.000000 0.000000 
15 305.099823 0.000000 -434.000000 0.000000 
15 305.099823 0.000000 -454.000000 0.000000 
15 295.099823 0.000000 -464.000000 0.000000 
15 285.099823 0.000000 -474.000000 0.000000 
15 275.099823 0.000000 -484.000000 0.000000 
15 265.099823 0.000000 -484.000000 0.000000 
15 255.099823 0.000000 -484.000000 0.000000 
15 245.099823 0.000000 -484.000000 0.000000 
15 235.099823 0.000000 -484.000000 0.000000 
15 225.099823 0.000000 -484.000000 0.000000 
15 145.099823 0.000000 -424.000000 0.000000 
15 145.099823 0.000000 -444.000000 0.000000 
15 145.099823 0.000000 -464.000000 0.000000 
15 155.099823 0.000000 -474.000000 0.000000 
15 165.099823 0.000000 -484.000000 0.000000 
15 175.099823 0.000000 -484.000000 0.000000 
15 185.099823 0.000000 -484.000000 0.000000 
15 195.099823 0.000000 -484.000000 0.000000 
15 205.099823 0.000000 -484.000000 0.000000 
15 215.099823 0.000000 -484.000000 0.000000 
4 145.099823 0.000000 -214.000000 0.000000 
4 155.099823 0.000000 -214.000000 0.000000 
4 165.099823 0.000000 -214.000000 0.000000 
4 175.099823 0.000000 -214.000000 0.000000 
4 185.099823 0.000000 -214.000000 0.000000 
4 195.099823 0.000000 -214.000000 0.000000 
4 205.099823 0.000000 -214.000000 0.000000 
4 215.099823 0.000000 -214.000000 0.000000 
4 225.099823 0.000000 -214.000000 0.000000 
4 235.099823 0.000000 -214.000000 0.000000 
4 245.099823 0.000000 -214.000000 0.000000 
4 255.099823 0.000000 -214.000000 0.000000 
4 265.099823 0.000000 -214.000000 0.000000 
4 275.099823 0.000000 -214.000000 0.000000 
4 285.099823 0.000000 -214.000000 0.000000 
4 295.099823 0.000000 -214.000000 0.000000 
4 305.099823 0.000000 -214.000000 0.000000 
18 175.099823 0.000000 -424.000000 0.000000 
18 215.099823 0.000000 -424.000000 0.000000 
18 255.099823 0.000000 -424.000000 0.000000 
18 295.099823 0.000000 -424.000000 0.000000 
9 345.099854 0.000000 -214.000000 0.000000 
22 345.099854 0.000000 -221.000000 0.000000 
22 345.099854 0.000000 -230.000000 0.000000 
22 345.099854 0.000000 -239.000000 0.000000 
22 345.099854 0.000000 -248.000000 0.000000 
22 345.099854 0.000000 -257.000000 0.000000 
22 345.099854 0.000000 -266.000000 0.000000 
22 345.099854 0.000000 -275.000000 0.000000 
22 345.099854 0.000000 -284.000000 0.000000 
22 345.099854 0.000000 -293.000000 0.000000 
22 345.099854 0.000000 -302.000000 0.000000 
22 345.099854 0.000000 -311.000000 0.000000 
22 345.099854 0.000000 -320.000000 0.000000 
22 345.099854 0.000000 -329.000000 0.000000 
22 345.099854 0.000000 -338.000000 0.000000 
22 345.099854 0.000000 -347.000000 0.000000 
22 345.099854 0.000000 -356.000000 0.000000 
22 345.099854 0.000000 -365.000000 0.000000 
22 345.099854 0.000000 -374.000000 0.000000 
22 345.099854 0.000000 -383.000000 0.000000 
22 345.099854 0.000000 -392.000000 0.000000 
22 345.099854 0.000000 -401.000000 0.000000 
22 345.099854 0.000000 -410.000000 0.000000 
6 63.099865 0.000000 -380.000000 0.000000 
4 307.099945 0.000000 -206.000092 -90.000000 
4 307.099945 0.000000 -196.000092 -90.000000 
4 307.099945 0.000000 -186.000092 -90.000000 
4 307.099945 0.000000 -176.000092 -90.000000 
4 307.099945 0.000000 -166.000092 -90.000000 
4 307.099945 0.000000 -156.000092 -90.000000 
4 307.099945 0.000000 -146.000092 -90.000000 
4 307.099945 0.000000 -136.000092 -90.000000 
4 307.099945 0.000000 -126.000092 -90.000000 
4 307.099945 0.000000 -116.000092 -90.000000 
4 307.099945 0.000000 -106.000092 -90.000000 
4 307.099945 0.000000 -96.000092 -90.000000 
4 307.099945 0.000000 -86.000092 -90.000000 
4 307.099945 0.000000 -76.000092 -90.000000 
4 307.099945 0.000000 -66.000092 -90.000000 
4 297.099945 0.000000 -66.000092 -180.000000 
4 287.099945 0.000000 -66.000092 -180.000000 
4 277.099945 0.000000 -66.000092 -180.000000 
4 267.099945 0.000000 -66.000092 -180.000000 
4 257.099945 0.000000 -66.000092 -180.000000 
4 247.099945 0.000000 -66.000092 -180.000000 
4 237.099945 0.000000 -66.000092 -180.000000 
4 227.099945 0.000000 -66.000092 -180.000000 
4 217.099945 0.000000 -66.000092 -180.000000 
4 207.099945 0.000000 -66.000092 -180.000000 
4 197.099945 0.000000 -66.000092 -180.000000 
4 187.099945 0.000000 -66.000092 -180.000000 
4 177.099945 0.000000 -66.000092 -180.000000 
4 167.099945 0.000000 -66.000092 -180.000000 
4 157.099945 0.000000 -66.000092 -180.000000 
4 147.099945 0.000000 -66.000092 -540.000000 
6 157.099945 20.000000 -136.000092 0.000000 
6 187.099945 20.000000 -136.000092 0.000000 
6 217.099945 20.000000 -136.000092 0.000000 
6 247.099945 20.000000 -136.000092 0.000000 
6 277.099945 20.000000 -136.000092 0.000000 
9 345.099945 0.000000 -74.000092 -180.000000 
22 345.099945 0.000000 -207.000092 0.000000 
22 345.099945 0.000000 -198.000092 0.000000 
22 345.099945 0.000000 -189.000092 0.000000 
22 345.099945 0.000000 -180.000092 0.000000 
22 345.099945 0.000000 -171.000092 0.000000 
22 345.099945 0.000000 -162.000092 0.000000 
22 345.099945 0.000000 -153.000092 0.000000 
22 345.099945 0.000000 -144.000092 0.000000 
22 345.099945 0.000000 -135.000092 0.000000 
22 345.099945 0.000000 -126.000092 0.000000 
22 345.099945 0.000000 -117.000092 0.000000 
22 345.099945 0.000000 -108.000092 0.000000 
22 345.099945 0.000000 -99.000092 0.000000 
22 345.099945 0.000000 -90.000092 0.000000 
22 345.099945 0.000000 -81.000092 0.000000 
14 285.099976 0.000000 -11.000069 0.000000 
14 295.099976 0.000000 -11.000072 0.000000 
14 315.099976 0.000000 -11.000080 0.000000 
14 335.099976 0.000000 -11.000088 0.000000 
14 345.099976 0.000000 -21.000092 0.000000 
14 355.099976 0.000000 -31.000095 0.000000 
14 355.099976 0.000000 -41.000095 0.000000 
14 355.099976 0.000000 -51.000095 0.000000 
14 355.099976 0.000000 -61.000092 0.000000 
14 355.099976 0.000000 -71.000092 0.000000 
14 325.099976 0.000000 -11.000079 0.000000 
14 305.099976 0.000000 -11.000070 0.000000 
14 275.099976 0.000000 -11.000050 0.000000 
14 265.099976 0.000000 -11.000045 0.000000 
14 255.099976 0.000000 -11.000040 0.000000 
14 245.099976 0.000000 -11.000035 0.000000 
14 235.099976 0.000000 -11.000031 0.000000 
14 225.099976 0.000000 -11.000026 0.000000 
0 189.099976 0.000000 12.999990 0.000000 
18 233.099976 0.000000 31.999985 0.000000 
18 233.099976 0.000000 71.999985 0.000000 
18 233.099976 0.000000 111.999985 0.000000 
18 233.099976 0.000000 151.999985 0.000000 
18 233.099976 0.000000 191.999985 0.000000 
18 233.099976 0.000000 231.999985 0.000000 
18 233.099976 0.000000 272.000000 0.000000 
18 223.099976 0.000000 312.000000 0.000000 
18 203.099976 0.000000 352.000000 0.000000 
18 163.099976 0.000000 382.000000 0.000000 
18 113.099983 0.000000 392.000000 0.000000 
18 63.099983 0.000000 392.000000 -90.000000 
18 13.099983 0.000000 392.000000 -90.000000 
18 -36.900017 0.000000 392.000000 -90.000000 
18 -86.900017 0.000000 392.000000 -90.000000 
0 193.099731 0.000000 231.999908 0.000000 
9 170.099731 0.000000 143.999908 0.000000 
9 170.099731 0.000000 153.999908 0.000000 
9 170.099731 0.000000 163.999908 0.000000 
9 170.099731 0.000000 173.999908 0.000000 
9 170.099731 0.000000 183.999908 0.000000 
9 170.099731 0.000000 193.999908 0.000000 
22 170.099731 0.000000 136.999908 0.000000 
22 170.099731 0.000000 146.999908 0.000000 
22 170.099731 0.000000 156.999908 0.000000 
22 170.099731 0.000000 166.999908 0.000000 
22 170.099731 0.000000 176.999908 0.000000 
22 170.099731 0.000000 186.999908 0.000000 
9 170.099731 0.000000 203.999939 0.000000 
9 170.099731 0.000000 213.999939 0.000000 
9 170.099731 0.000000 223.999939 0.000000 
9 170.099731 0.000000 233.999939 0.000000 
22 170.099731 0.000000 197.999939 0.000000 
22 170.099731 0.000000 207.999939 0.000000 
22 170.099731 0.000000 217.999939 0.000000 
22 170.099731 0.000000 227.999939 0.000000 
16 -19.900436 0.000000 -1.999846 0.000000 
16 -19.900452 0.000000 -21.999846 0.000000 
16 -19.900467 0.000000 -41.999847 0.000000 
16 -19.900482 0.000000 -61.999847 0.000000 
16 -29.900490 0.000000 -71.999840 0.000000 
16 -39.900490 0.000000 -71.999832 0.000000 
16 -49.900482 0.000000 -61.999825 0.000000 
16 -49.900467 0.000000 -41.999825 0.000000 
16 -49.900452 0.000000 -21.999825 0.000000 
16 -49.900436 0.000000 -1.999825 0.000000 
16 20.099518 0.000000 -61.999878 0.000000 
16 20.099503 0.000000 -81.999878 0.000000 
16 20.099487 0.000000 -101.999878 0.000000 
16 20.099472 0.000000 -121.999878 0.000000 
16 10.099465 0.000000 -131.999878 0.000000 
16 0.099458 0.000000 -141.999878 0.000000 
16 -9.900541 0.000000 -141.999878 0.000000 
16 -19.900541 0.000000 -141.999878 0.000000 
16 -29.900541 0.000000 -141.999878 0.000000 
16 -39.900543 0.000000 -141.999878 0.000000 
16 -49.900543 0.000000 -141.999878 0.000000 
16 -89.900482 0.000000 -61.999855 0.000000 
16 -89.900497 0.000000 -81.999855 0.000000 
16 -89.900513 0.000000 -101.999855 0.000000 
16 -89.900528 0.000000 -121.999855 0.000000 
16 -79.900536 0.000000 -131.999863 0.000000 
16 -69.900543 0.000000 -141.999863 0.000000 
16 -59.900543 0.000000 -141.999863 0.000000 
0 -39.900299 0.000000 178.000153 0.000000 
0 -69.900467 0.000000 -41.999828 0.000000 
16 -39.900436 0.000000 -1.999849 0.000000 
16 -29.900436 0.000000 -1.999856 0.000000 
8 230.099304 0.000000 -351.999878 180.000000 
8 230.099319 0.000000 -341.999878 180.000000 
8 240.099319 0.000000 -341.999878 180.000000 
8 240.099304 0.000000 -351.999878 180.000000 
8 270.099365 0.000000 -341.999878 180.000000 
8 270.099365 0.000000 -351.999878 180.000000 
8 280.099365 0.000000 -351.999878 180.000000 
8 280.099365 0.000000 -341.999878 180.000000 
8 230.099365 0.000000 -321.999878 180.000000 
8 230.099380 0.000000 -311.999878 180.000000 
8 240.099380 0.000000 -311.999878 180.000000 
8 240.099365 0.000000 -321.999878 180.000000 
8 280.099365 0.000000 -321.999878 180.000000 
8 270.099365 0.000000 -321.999878 180.000000 
8 270.099365 0.000000 -311.999878 180.000000 
8 280.099365 0.000000 -311.999878 180.000000 
18 255.099365 0.000000 -331.999878 180.000000 
23 4.099604 0.000000 -21.999687 90.000000 
23 0.099624 0.000000 2.000317 90.000000 
23 0.099713 0.000000 104.000320 90.000000 
23 0.099783 0.000000 184.000320 90.000000 
23 2.099800 0.000000 204.000320 90.000000 
23 7.099811 0.000000 215.000320 90.000000 
23 15.099818 0.000000 223.000320 90.000000 
23 26.099819 0.000000 231.000320 90.000000 
23 46.099819 0.000000 238.000320 90.000000 
23 66.099823 0.000000 238.000290 90.000000 
23 106.099823 0.000000 238.000229 -90.000000 
23 116.099815 0.000000 233.000214 -90.000000 
23 123.099815 0.000000 224.000214 -90.000000 
23 129.099823 0.000000 214.000214 -90.000000 
23 131.099823 0.000000 200.000214 -90.000000 
23 129.099823 0.000000 183.000214 -90.000000 
23 123.099823 0.000000 173.000214 -90.000000 
23 120.099823 0.000000 140.000214 -90.000000 
23 110.099823 0.000000 118.000214 -90.000000 
23 100.099808 0.000000 98.000221 -90.000000 
23 96.099792 0.000000 93.000221 -90.000000 
23 89.099792 0.000000 55.000221 -90.000000 
23 89.099792 0.000000 30.000221 -90.000000 
23 100.099770 0.000000 -1.999786 -90.000000 
23 120.099747 0.000000 -31.999802 -90.000000 
23 125.099609 0.000000 -215.999817 -90.000000 
23 125.099457 0.000000 -415.999817 -90.000000 
23 135.099396 0.000000 -495.999817 -90.000000 
23 144.099350 0.000000 -513.999817 -90.000000 
23 159.099350 0.000000 -522.999817 -90.000000 
23 282.099365 0.000000 -522.999817 -90.000000 
23 302.099365 0.000000 -512.999817 90.000000 
23 312.099365 0.000000 -502.999817 90.000000 
23 322.099365 0.000000 -482.999817 90.000000 
23 325.099365 0.000000 -412.999817 90.000000 
23 325.099365 0.000000 -212.999817 90.000000 
23 328.099365 0.000000 -81.999817 90.000000 
23 327.099365 0.000000 -69.999817 90.000000 
23 324.099365 0.000000 -57.999817 90.000000 
23 318.099365 0.000000 -48.999817 90.000000 
23 310.099365 0.000000 -41.999817 90.000000 
23 298.099365 0.000000 -37.999817 0.000000 
23 218.099365 0.000000 -27.999756 0.000000 
23 206.099365 0.000000 -23.999741 0.000000 
23 202.099365 0.000000 -20.999741 0.000000 
23 198.099365 0.000000 -16.999741 0.000000 
23 196.099365 0.000000 -12.999740 0.000000 
23 193.099365 0.000000 -7.999737 90.000000 
23 189.099365 0.000000 0.000267 90.000000 
23 189.099365 0.000000 13.000267 90.000000 
23 193.099701 0.000000 233.000275 90.000000 
23 182.099762 0.000000 278.000275 90.000000 
23 172.099792 0.000000 298.000275 90.000000 
23 152.099823 0.000000 318.000275 90.000000 
23 12.099854 0.000000 338.000275 0.000000 
23 -7.900146 0.000000 338.000275 -90.000000 
23 -27.900154 0.000000 328.000275 -90.000000 
23 -47.900177 0.000000 298.000275 -90.000000 
23 -47.900200 0.000000 268.000275 -90.000000 
23 -39.900269 0.000000 178.000275 -90.000000 
23 -69.900406 0.000000 -1.999695 -90.000000 
23 -69.900467 0.000000 -81.999695 -90.000000 
23 -59.900482 0.000000 -101.999702 -90.000000 
23 -29.900497 0.000000 -121.999725 -90.000000 
23 -9.900490 0.000000 -111.999741 -90.000000 
23 0.099526 0.000000 -91.999748 -90.000000 